2051435
4615709
6351682
7481232
14429579
15334676
22802207
29294352
33440171
40693612
43559440
51982973
52532908
55533585
56755856
59170621
62078097
71231701
76421014
76512374
79138890
80557822
83990376
85253935
85885548
88710139
95009006
101261324
102053708
102208783
108762751
112619540
120427824
121894169
123032257
130804394
131937746
132205341
134592652
134969257
136845596
139051579
140586990
145909759
152366681
152398548
154198865
157428865
158234670
160172594
160201966
160206148
160730215
161342564
163522730
165704871
172324178
175094935
175293945
179211051
179639325
181162756
181366508
184645674
184706971
184960929
185371464
194597473
194899425
196371768
198363745
201740880
202705169
208649601
209698650
211762761
213517850
217468056
218538124
221460996
222363971
222373441
222517258
223384276
227559390
229114029
229333968
230728681
233426392
236331987
236576909
238390878
239549892
240638177
241662499
243170030
245708817
246928052
252167757
258458433
260791553
275156358
279465664
292936777
293268526
301505561
305111754
306125412
306547553
309451420
312989062
317132662
318817706
320190794
325390237
335280369
337964803
338211901
338242770
338251547
346835790
352511052
360405647
363247560
369619058
374397497
388291412
393356240
429970148
439300350
444053857
448456983
458628487
464134874
470501296
495366387
498732404
515549742
528038492
529050503
557830052
579505791
594109171
599362964
754321554
760286673
