Список общих друзей с друзьями6351682: [88710139, 112619540, 163522730, 175094935, 175293945, 181162756, 213517850, 236576909, 238390878, 241662499, 258458433]

7481232: [2051435, 59170621, 102053708, 157428865, 160172594, 194899425, 338211901, 439300350, 760286673]

15334676: [14429579, 22802207, 29294352, 33440171, 40693612, 43559440, 51982973, 52532908, 55533585, 62078097, 76512374, 95009006, 130804394, 134592652, 134969257, 136845596, 139051579, 140586990, 152398548, 157428865, 158234670, 160730215, 179211051, 179639325, 194597473, 198363745, 209698650, 218538124, 222373441, 223384276, 229114029, 233426392, 236331987, 252167757, 301505561, 318817706, 320190794, 325390237, 335280369, 338242770, 352511052, 369619058, 448456983, 458628487, 464134874]

22802207: [14429579, 15334676, 29294352, 33440171, 40693612, 43559440, 51982973, 52532908, 76421014, 95009006, 121894169, 134592652, 136845596, 140586990, 157428865, 165704871, 179211051, 179639325, 194597473, 198363745, 222373441, 338242770, 464134874, 528038492]

33440171: [14429579, 15334676, 22802207, 29294352, 40693612, 43559440, 51982973, 52532908, 76421014, 95009006, 130804394, 134592652, 134969257, 136845596, 139051579, 140586990, 152398548, 157428865, 179211051, 179639325, 194597473, 198363745, 209698650, 223384276, 229114029, 301505561, 320190794, 325390237, 335280369, 338242770, 448456983, 464134874]

40693612: [14429579, 15334676, 22802207, 33440171, 43559440, 51982973, 52532908, 62078097, 79138890, 85253935, 85885548, 121894169, 134592652, 136845596, 140586990, 152398548, 154198865, 157428865, 179639325, 198363745, 222373441, 236331987, 374397497, 528038492]

43559440: [14429579, 15334676, 22802207, 29294352, 33440171, 40693612, 51982973, 52532908, 62078097, 95009006, 134592652, 134969257, 136845596, 140586990, 157428865, 179639325, 194597473, 198363745, 209698650, 222373441, 230728681, 236331987, 252167757, 301505561, 335280369, 458628487, 464134874, 528038492]

51982973: [14429579, 15334676, 22802207, 29294352, 33440171, 40693612, 43559440, 52532908, 55533585, 62078097, 95009006, 130804394, 134592652, 134969257, 136845596, 140586990, 145909759, 152398548, 157428865, 160730215, 175094935, 179211051, 179639325, 194597473, 198363745, 209698650, 218538124, 223384276, 229114029, 230728681, 236331987, 252167757, 301505561, 312989062, 320190794, 335280369, 338242770, 369619058, 448456983, 458628487, 528038492]

52532908: [14429579, 15334676, 22802207, 29294352, 33440171, 40693612, 43559440, 51982973, 62078097, 76421014, 79138890, 85253935, 85885548, 95009006, 121894169, 134592652, 134969257, 140586990, 145909759, 152398548, 154198865, 157428865, 172324178, 179639325, 198363745, 222373441, 222517258, 230728681, 236331987, 252167757, 301505561, 338242770, 528038492, 579505791]

56755856: [83990376, 246928052, 337964803, 439300350]

59170621: [2051435, 7481232, 76512374, 102053708, 157428865, 160172594, 185371464, 194899425, 208649601, 338211901, 439300350, 599362964, 760286673]

62078097: [15334676, 40693612, 43559440, 51982973, 52532908, 79138890, 85253935, 85885548, 95009006, 102208783, 121894169, 134969257, 136845596, 140586990, 145909759, 152398548, 154198865, 157428865, 160172594, 172324178, 198363745, 230728681, 236331987, 318817706, 464134874, 515549742, 528038492, 579505791, 754321554]

71231701: [95009006, 160201966, 194597473, 198363745, 240638177, 393356240, 458628487, 528038492]

76421014: [22802207, 33440171, 52532908, 134592652, 140586990, 157428865, 198363745, 346835790]

76512374: [15334676, 59170621, 80557822, 157428865, 160172594, 185371464, 338211901, 439300350]

79138890: [40693612, 52532908, 62078097, 85253935, 121894169, 154198865, 236331987, 374397497]

83990376: [56755856, 160172594, 246928052, 337964803, 439300350]

85253935: [40693612, 52532908, 62078097, 79138890, 85885548, 121894169, 154198865, 236331987, 374397497]

88710139: [6351682, 108762751, 112619540, 175094935, 175293945, 181162756, 198363745, 202705169, 211762761, 213517850, 229333968, 241662499, 243170030, 292936777, 306547553, 360405647]

95009006: [14429579, 15334676, 22802207, 29294352, 33440171, 43559440, 51982973, 52532908, 62078097, 71231701, 130804394, 134592652, 134969257, 136845596, 139051579, 145909759, 152398548, 157428865, 160730215, 172324178, 179211051, 179639325, 194597473, 198363745, 209698650, 222373441, 222517258, 223384276, 229114029, 230728681, 236331987, 301505561, 312989062, 318817706, 320190794, 335280369, 338242770, 369619058, 448456983, 458628487, 464134874, 528038492]

102053708: [2051435, 7481232, 59170621, 80557822, 157428865, 160172594, 185371464, 194899425, 208649601, 338211901, 439300350, 599362964, 760286673]

112619540: [6351682, 88710139, 108762751, 131937746, 163522730, 175293945, 181162756, 202705169, 213517850, 229333968, 236576909, 238390878, 241662499, 243170030, 258458433, 292936777, 306547553, 360405647, 444053857]

120427824: [152366681, 184706971, 218538124, 221460996, 239549892, 245708817, 260791553, 275156358, 293268526, 305111754, 309451420, 317132662, 338251547, 346835790, 363247560, 429970148, 495366387, 498732404, 515549742]

121894169: [22802207, 40693612, 52532908, 62078097, 79138890, 85253935, 85885548, 134969257, 154198865, 157428865, 236331987, 374397497]

123032257: [101261324, 152366681, 184706971, 227559390, 233426392, 239549892, 245708817, 260791553, 279465664, 293268526, 306125412, 317132662, 346835790, 363247560, 495366387, 498732404, 557830052]

131937746: [112619540, 163522730, 181162756, 202705169, 211762761, 213517850, 229333968, 236576909, 238390878, 241662499, 243170030, 258458433, 292936777, 306547553, 360405647, 444053857]

134592652: [14429579, 15334676, 22802207, 29294352, 33440171, 40693612, 43559440, 51982973, 52532908, 76421014, 95009006, 130804394, 134969257, 136845596, 139051579, 140586990, 152398548, 157428865, 158234670, 172324178, 179211051, 194597473, 198363745, 209698650, 222373441, 222517258, 223384276, 229114029, 236331987, 252167757, 301505561, 318817706, 320190794, 325390237, 335280369, 338242770, 369619058, 448456983, 458628487, 464134874]

139051579: [15334676, 33440171, 55533585, 95009006, 134592652, 157428865, 198363745]

152366681: [120427824, 123032257, 184706971, 217468056, 218538124, 233426392, 239549892, 245708817, 260791553, 279465664, 293268526, 306125412, 346835790, 363247560, 498732404, 557830052]

152398548: [15334676, 33440171, 40693612, 51982973, 52532908, 62078097, 95009006, 134592652, 157428865, 160172594, 160730215, 179211051, 179639325, 198363745, 236331987, 260791553, 320190794, 335280369, 338242770, 352511052, 369619058, 448456983]

157428865: [2051435, 7481232, 14429579, 15334676, 22802207, 29294352, 33440171, 40693612, 43559440, 51982973, 52532908, 55533585, 59170621, 62078097, 76421014, 76512374, 80557822, 95009006, 102053708, 108762751, 121894169, 130804394, 134592652, 134969257, 136845596, 139051579, 140586990, 152398548, 160172594, 160206148, 161342564, 165704871, 179639325, 185371464, 194899425, 198363745, 201740880, 208649601, 218538124, 222373441, 229114029, 230728681, 236331987, 236576909, 240638177, 252167757, 292936777, 338211901, 352511052, 439300350, 448456983, 557830052, 579505791, 599362964, 760286673]

158234670: [15334676, 130804394, 134592652, 320190794, 325390237, 338242770, 369619058]

160172594: [2051435, 7481232, 59170621, 62078097, 76512374, 80557822, 83990376, 102053708, 102208783, 152398548, 157428865, 185371464, 194899425, 198363745, 208649601, 337964803, 338211901, 439300350, 760286673]

160201966: [71231701, 194597473, 236331987, 240638177, 393356240, 458628487]

160206148: [157428865, 165704871]

160730215: [15334676, 51982973, 95009006, 130804394, 134969257, 145909759, 152398548, 172324178, 179639325, 198363745, 229114029, 236331987, 312989062, 318817706, 464134874, 528038492]

163522730: [6351682, 112619540, 131937746, 175293945, 184645674, 202705169, 213517850, 222363971, 229333968, 236576909, 238390878, 258458433, 306547553]

165704871: [22802207, 157428865, 160206148]

172324178: [52532908, 62078097, 95009006, 130804394, 134592652, 160730215, 179639325, 312989062, 338242770, 458628487]

175094935: [88710139, 175293945, 320190794]

175293945: [6351682, 88710139, 108762751, 112619540, 163522730, 175094935, 181162756, 202705169, 213517850, 229333968, 236576909, 238390878, 241662499, 243170030, 258458433, 292936777, 306547553, 360405647, 444053857]

179211051: [15334676, 22802207, 29294352, 33440171, 51982973, 95009006, 134592652, 152398548, 209698650, 223384276, 260791553, 318817706, 325390237, 335280369, 338242770, 448456983]

181162756: [6351682, 88710139, 108762751, 112619540, 131937746, 175293945, 184645674, 202705169, 211762761, 213517850, 229333968, 236576909, 238390878, 241662499, 243170030, 258458433, 292936777, 306547553, 360405647, 444053857]

185371464: [2051435, 59170621, 76512374, 102053708, 157428865, 160172594, 194899425, 208649601, 338211901, 760286673]

194597473: [15334676, 22802207, 29294352, 33440171, 43559440, 51982973, 71231701, 95009006, 134592652, 160201966, 161342564, 198363745, 240638177, 335280369, 458628487, 464134874]

194899425: [2051435, 7481232, 59170621, 102053708, 157428865, 160172594, 185371464, 338211901, 599362964]

196371768: [184706971, 239549892, 245708817, 293268526, 363247560, 495366387, 498732404]

198363745: [14429579, 15334676, 22802207, 29294352, 33440171, 40693612, 43559440, 51982973, 52532908, 55533585, 62078097, 71231701, 76421014, 88710139, 95009006, 130804394, 134592652, 134969257, 139051579, 140586990, 145909759, 152398548, 157428865, 160172594, 160730215, 179639325, 194597473, 222373441, 223384276, 229114029, 236331987, 252167757, 301505561, 320190794, 335280369, 338242770, 346835790, 458628487, 464134874]

201740880: [157428865, 218538124]

208649601: [2051435, 59170621, 102053708, 157428865, 160172594, 185371464, 439300350, 599362964]

211762761: [88710139, 131937746, 181162756, 202705169, 229333968, 236576909, 238390878, 243170030, 258458433, 292936777, 306547553]

213517850: [6351682, 88710139, 108762751, 112619540, 131937746, 163522730, 175293945, 181162756, 202705169, 229333968, 236576909, 238390878, 241662499, 258458433, 292936777, 306547553, 360405647, 444053857]

217468056: [152366681, 184706971, 218538124, 233426392, 245708817, 279465664, 293268526, 306125412, 346835790, 363247560, 557830052]

218538124: [15334676, 51982973, 120427824, 152366681, 157428865, 201740880, 217468056, 227559390, 233426392, 245708817, 305111754, 320190794, 338251547, 346835790, 363247560, 429970148, 495366387, 498732404]

222363971: [163522730]

222373441: [15334676, 22802207, 29294352, 40693612, 43559440, 52532908, 95009006, 134592652, 140586990, 157428865, 179639325, 198363745, 209698650, 301505561, 320190794, 338242770]

222517258: [52532908, 95009006, 134592652, 229114029, 236331987, 335280369, 338242770]

223384276: [15334676, 33440171, 51982973, 95009006, 134592652, 179211051, 179639325, 198363745, 320190794, 335280369, 338242770, 448456983]

227559390: [123032257, 184706971, 218538124, 221460996, 233426392, 239549892, 245708817, 260791553, 293268526, 306125412, 317132662, 338251547, 363247560, 495366387, 498732404]

229114029: [15334676, 33440171, 51982973, 95009006, 134592652, 157428865, 160730215, 198363745, 209698650, 222517258, 236331987, 325390237, 335280369, 338242770, 528038492, 529050503]

229333968: [88710139, 112619540, 131937746, 163522730, 175293945, 181162756, 202705169, 211762761, 213517850, 236576909, 238390878, 243170030, 258458433, 292936777, 306547553, 360405647]

230728681: [52532908, 62078097, 95009006, 134969257, 157428865, 179639325, 236331987, 312989062, 338242770, 528038492]

233426392: [15334676, 123032257, 152366681, 179639325, 184706971, 217468056, 218538124, 227559390, 239549892, 245708817, 260791553, 279465664, 293268526, 306125412, 317132662, 346835790, 495366387, 557830052]

236576909: [6351682, 112619540, 131937746, 157428865, 163522730, 175293945, 181162756, 184645674, 202705169, 211762761, 213517850, 229333968, 238390878, 241662499, 258458433, 292936777, 306547553, 360405647, 444053857]

238390878: [6351682, 112619540, 131937746, 163522730, 175293945, 181162756, 202705169, 211762761, 213517850, 229333968, 236576909, 241662499, 258458433, 292936777, 306547553, 360405647, 444053857]

240638177: [71231701, 157428865, 160201966, 161342564, 194597473, 393356240]

243170030: [88710139, 112619540, 131937746, 175293945, 181162756, 202705169, 211762761, 229333968, 241662499, 258458433, 292936777, 306547553, 360405647]

245708817: [101261324, 120427824, 123032257, 152366681, 184706971, 196371768, 217468056, 218538124, 221460996, 227559390, 233426392, 239549892, 260791553, 279465664, 293268526, 305111754, 306125412, 317132662, 338251547, 346835790, 363247560, 495366387, 498732404, 515549742, 557830052]

246928052: [56755856, 83990376]

258458433: [6351682, 108762751, 112619540, 131937746, 163522730, 175293945, 181162756, 184645674, 202705169, 211762761, 213517850, 229333968, 236576909, 238390878, 241662499, 243170030, 292936777, 306547553, 360405647, 444053857]

260791553: [120427824, 123032257, 152366681, 152398548, 179211051, 184706971, 227559390, 233426392, 245708817, 293268526, 305111754, 317132662, 338251547, 346835790, 363247560, 448456983, 495366387, 498732404]

275156358: [85885548, 120427824, 293268526, 305111754, 338251547, 346835790, 429970148, 495366387]

279465664: [123032257, 152366681, 184706971, 217468056, 233426392, 239549892, 245708817, 293268526, 317132662, 346835790, 495366387, 498732404, 557830052]

292936777: [88710139, 108762751, 112619540, 131937746, 157428865, 175293945, 181162756, 202705169, 211762761, 213517850, 229333968, 236576909, 238390878, 241662499, 243170030, 258458433, 306547553, 360405647, 444053857]

293268526: [120427824, 123032257, 152366681, 184706971, 196371768, 217468056, 221460996, 227559390, 233426392, 239549892, 245708817, 260791553, 275156358, 279465664, 305111754, 306125412, 309451420, 317132662, 338251547, 346835790, 363247560, 429970148, 495366387, 498732404, 515549742, 557830052]

301505561: [15334676, 29294352, 33440171, 43559440, 51982973, 52532908, 95009006, 134592652, 134969257, 179639325, 198363745, 222373441, 252167757, 312989062, 335280369, 338242770, 458628487]

305111754: [120427824, 184706971, 218538124, 221460996, 239549892, 245708817, 260791553, 275156358, 293268526, 306125412, 309451420, 317132662, 338251547, 346835790, 363247560, 429970148, 495366387, 498732404, 515549742]

306125412: [123032257, 152366681, 217468056, 221460996, 227559390, 233426392, 239549892, 245708817, 293268526, 305111754, 317132662, 338251547, 363247560, 495366387, 498732404, 557830052]

306547553: [88710139, 108762751, 112619540, 131937746, 163522730, 175293945, 181162756, 202705169, 211762761, 213517850, 229333968, 236576909, 238390878, 241662499, 243170030, 258458433, 292936777, 360405647, 444053857]

309451420: [120427824, 184706971, 293268526, 305111754, 346835790]

312989062: [51982973, 95009006, 160730215, 172324178, 230728681, 301505561, 318817706, 338242770, 352511052]

317132662: [101261324, 120427824, 123032257, 184706971, 221460996, 227559390, 233426392, 239549892, 245708817, 260791553, 279465664, 293268526, 305111754, 306125412, 338251547, 346835790, 363247560, 495366387, 498732404, 515549742, 557830052]

318817706: [15334676, 62078097, 95009006, 134592652, 160730215, 179211051, 312989062, 338242770, 352511052, 464134874]

320190794: [15334676, 33440171, 51982973, 95009006, 130804394, 134592652, 152398548, 158234670, 175094935, 198363745, 209698650, 218538124, 222373441, 223384276, 335280369, 369619058, 448456983]

337964803: [56755856, 83990376, 160172594, 439300350]

338211901: [2051435, 7481232, 59170621, 76512374, 102053708, 157428865, 160172594, 185371464, 194899425, 439300350]

338242770: [15334676, 22802207, 33440171, 51982973, 52532908, 95009006, 130804394, 134592652, 136845596, 140586990, 152398548, 158234670, 172324178, 179211051, 179639325, 198363745, 222373441, 222517258, 223384276, 229114029, 230728681, 236331987, 301505561, 312989062, 318817706, 325390237, 335280369, 352511052, 369619058, 448456983, 464134874, 528038492]

338251547: [120427824, 184706971, 218538124, 221460996, 227559390, 239549892, 245708817, 260791553, 275156358, 293268526, 305111754, 306125412, 317132662, 363247560, 495366387, 498732404, 515549742]

346835790: [76421014, 101261324, 120427824, 123032257, 152366681, 184706971, 198363745, 217468056, 218538124, 233426392, 245708817, 260791553, 275156358, 279465664, 293268526, 305111754, 309451420, 317132662, 363247560, 429970148, 498732404, 557830052]

352511052: [15334676, 152398548, 157428865, 236331987, 312989062, 318817706, 338242770, 448456983]

360405647: [88710139, 112619540, 131937746, 175293945, 181162756, 202705169, 213517850, 229333968, 236576909, 238390878, 241662499, 243170030, 258458433, 292936777, 306547553, 444053857]

369619058: [15334676, 51982973, 95009006, 134592652, 152398548, 158234670, 209698650, 320190794, 338242770, 448456983]

374397497: [40693612, 79138890, 85253935, 121894169, 154198865, 236331987]

439300350: [2051435, 7481232, 56755856, 59170621, 76512374, 80557822, 83990376, 102053708, 157428865, 160172594, 208649601, 337964803, 338211901, 599362964, 760286673]

444053857: [112619540, 131937746, 175293945, 181162756, 202705169, 213517850, 236576909, 238390878, 241662499, 258458433, 292936777, 306547553, 360405647]

448456983: [15334676, 33440171, 51982973, 95009006, 134592652, 152398548, 157428865, 179211051, 223384276, 260791553, 320190794, 335280369, 338242770, 352511052, 369619058]

458628487: [14429579, 15334676, 43559440, 51982973, 71231701, 95009006, 134592652, 160201966, 161342564, 172324178, 194597473, 198363745, 236331987, 301505561, 528038492]

464134874: [15334676, 22802207, 29294352, 33440171, 43559440, 62078097, 95009006, 134592652, 160730215, 179639325, 194597473, 198363745, 318817706, 335280369, 338242770]

495366387: [120427824, 123032257, 184706971, 196371768, 218538124, 221460996, 227559390, 233426392, 239549892, 245708817, 260791553, 275156358, 279465664, 293268526, 305111754, 306125412, 317132662, 338251547, 363247560, 498732404, 515549742, 557830052]

