Список общих групп с друзьями (Формат id группы: список id друзей)150709625: [62078097, 145909759, 175293945, 222373441, 369619058]

121844673: [160206148]

52537634: [108762751, 112619540, 123032257, 157428865, 222373441, 227559390, 233426392, 236331987, 325390237]

124002407: [132205341, 145909759, 157428865, 201740880, 236576909, 338251547]

97345737: [108762751, 175293945, 222517258, 233426392]

32194285: [29294352, 120427824, 181366508, 209698650, 320190794]

108032118: [62078097, 120427824, 160206148, 175293945, 227559390, 245708817, 260791553, 275156358, 309451420, 312989062, 338251547, 352511052, 498732404]

67607055: [157428865, 275156358, 393356240, 429970148]

35349905: [88710139]

100029181: [62078097, 229114029, 275156358, 338251547]

149472484: [222517258, 352511052, 393356240]

108321657: [79138890, 175293945, 236331987, 309451420, 317132662]

124072426: [301505561]

99013110: [320190794]

136554034: [229114029]

46745051: [236576909]

144661644: [233426392]

59805572: [15334676, 29294352, 43559440, 52532908, 62078097, 175094935, 175293945, 179639325, 181366508, 198363745, 230728681, 335280369, 528038492]

210298014: [429970148]

119910195: [157428865]

30350935: [6351682, 88710139, 108762751, 112619540, 175094935, 175293945, 181162756, 184645674, 202705169, 211762761, 213517850, 217468056, 229333968, 238390878, 241662499, 258458433, 292936777, 306547553, 317132662, 320190794, 360405647, 444053857]

74851054: [14429579, 15334676, 22802207, 29294352, 33440171, 43559440, 51982973, 52532908, 62078097, 71231701, 76421014, 85885548, 95009006, 102053708, 130804394, 134592652, 134969257, 136845596, 140586990, 145909759, 157428865, 160201966, 160730215, 161342564, 172324178, 179639325, 194597473, 198363745, 209698650, 222373441, 222517258, 229114029, 230728681, 236331987, 240638177, 252167757, 301505561, 338242770, 352511052, 388291412, 393356240, 458628487, 464134874]

114936899: [233426392, 320190794]

113701085: [120427824, 160730215, 233426392, 236576909, 275156358, 338251547]

96245789: [120427824, 157428865, 236576909, 320190794]

67363111: [108762751, 120427824, 132205341, 236331987, 305111754, 309451420]

102731195: [132205341, 175293945, 196371768, 293268526, 320190794]

171059223: [62078097]

155920876: [245708817, 260791553]

145278592: [352511052, 374397497]

136962432: [52532908, 62078097, 152398548, 160730215, 229333968, 233426392, 236331987, 236576909, 260791553, 306547553, 309451420, 338251547, 352511052]

194989366: [229114029]

42968101: [160206148, 160730215, 233426392, 557830052]

107627078: [320190794]

171746322: [120427824, 213517850]

110535096: [236576909]

191220555: [236331987]

93311264: [145909759, 275156358, 388291412]

191141579: [52532908, 62078097]

139486947: [62078097, 208649601]

53851008: [258458433]

90078312: [134969257, 236576909]

212139282: [101261324, 175293945, 429970148]

87442817: [88710139, 181366508]

143369394: [236576909, 260791553, 306547553, 429970148]

143543863: [83990376]

38629367: [160730215]

179169425: [181162756, 229114029, 258458433]

32127188: [134969257, 160206148, 175293945, 236576909, 275156358]

84148794: [152398548, 309451420]

35551136: [120427824, 121894169, 132205341, 134969257, 160201966, 160206148, 184645674, 222517258, 229333968, 236576909, 260791553, 338251547, 352511052, 363247560, 393356240, 470501296, 498732404]

42956080: [157428865, 236331987]

144625498: [236576909, 325390237, 388291412]

146026608: [175293945, 233426392, 338251547, 393356240]

125237811: [240638177, 309451420]

127408221: [275156358, 309451420]

23475118: [22802207, 29294352, 320190794]

69660783: [152398548]

29078897: [152398548, 157428865, 229114029]

54566161: [2051435, 157428865]

56918454: [101261324, 175293945, 229114029, 252167757]

112211940: [83990376, 157428865, 160730215, 175293945, 181366508, 229114029, 233426392, 241662499]

34010064: [132205341, 175293945, 233426392, 388291412]

181822208: [88710139, 209698650]

26623937: [157428865]

74611498: [236331987]

154002036: [175293945]

109933399: [132205341, 175293945]

66931622: [157428865]

52742655: [59170621]

132928049: [145909759, 160206148, 181162756, 218538124, 236576909, 306547553, 352511052]

104227415: [134969257, 175293945, 240638177, 275156358, 369619058]

130865967: [52532908, 175293945, 233426392, 236576909, 309451420, 352511052, 388291412]

70493648: [52532908, 79138890, 120427824, 132205341, 175293945, 211762761, 222517258, 229114029, 309451420, 363247560, 429970148]

74422408: [245708817]

69273673: [157428865, 175293945, 233426392]

113572399: [236331987, 236576909]

198527161: [7481232, 55533585, 85885548, 108762751, 134969257, 157428865, 160172594, 208649601, 218538124, 236331987, 236576909]

28458334: [101261324, 108762751, 157428865, 160730215, 165704871, 175293945, 222373441, 233426392, 236576909, 388291412]

122103467: [62078097, 132205341]

163987371: [229114029, 236576909]

143975801: [184645674, 222517258, 369619058]

61560900: [120427824, 201740880, 236331987, 245708817, 275156358, 388291412]

55522367: [157428865, 275156358, 470501296]

34378493: [29294352, 108762751, 181366508, 229114029, 236576909, 275156358, 393356240]

23546772: [154198865, 160201966, 236576909, 335280369, 338251547, 374397497, 498732404]

108615437: [83990376, 337964803, 439300350]

28565318: [29294352, 83990376, 236331987, 252167757]

35652821: [121894169]

120944973: [79138890, 175293945, 309451420, 374397497]

80795944: [120427824, 157428865, 175293945, 369619058]

117180550: [240638177]

117065345: [134969257, 160730215, 222517258, 227559390, 233426392, 275156358, 335280369, 338251547, 498732404]

117184385: [236331987]

99394451: [152398548]

